lon_min: 3982626.28479
lon_max: 4916723.24205
lat_min: 19915061.472
lat_max: 21600925.4001
WTE2013_min: 2195.36010742
WTE2013_max: 4430.12011719
WTE2013_mean: 3143.969204071438
WTE2013_std: 411.31311427765